==================================================
Tuning Timestamp: 2025-05-17 22:40:16
Best RMSE: 0.06007
Best Parameters:
learning_rate: 0.009456490533119234
max_depth: 10
reg_lambda: 1.7434697249357467
reg_alpha: 0.6488287215083401
subsample: 0.9494258651834557
colsample_bytree: 0.6332097368693999
min_child_weight: 6
gamma: 0.3841072597639574
==================================================

